image: /home/justin/map.pgm
resolution: 0.050000
origin: [-7.554027, -5.304492, 0.000000]
negate: 0
occupied_thresh: 0.65
free_thresh: 0.196

